tag_id;tag_name
1;bzzz collègue cuicui
2;doucement miam commis de cuisine
3;de manière à ce que crier
4;sans que
5;actionnaire
6;si bien que bientôt splendide
7;envers multiple spécialiste
8;commissionnaire
9;dévorer plonger saigner
10;progresser jeter
